4096 110
4097 91
4098 39
4099 137
4100 11
4101 23
4102 12
4103 128
4104 83
4105 36
4106 27
4107 40
4108 148
4109 227
4110 83
4111 128
4112 15
4113 6
4114 14
4115 38
4116 242
4117 17
4118 115
4119 128
4120 52
4121 48
4122 12
4123 80
4124 180
4125 246
4126 138
4127 128
4128 51
4129 184
4130 113
4131 107
4132 160
4133 94
4134 164
4135 128
4136 85
4137 75
4138 179
4139 148
4140 239
4141 15
4142 46
4143 129
4144 144
4145 248
4146 137
4147 27
4148 241
4149 154
4150 111
4151 130
4152 197
4153 193
4154 244
4155 47
4156 17
4157 87
4158 212
4159 130
4160 172
4161 106
4162 96
4163 23
4164 44
4165 108
4166 23
4167 131
4168 238
4169 97
4170 229
4171 126
4172 46
4173 83
4174 39
4175 131
4176 205
4177 107
4178 25
4179 253
4180 107
4181 119
4182 66
4183 131
4184 65
4185 47
4186 28
4187 252
4188 187
4189 198
4190 70
4191 131
4192 166
4193 217
4194 109
4195 242
4196 6
4197 218
4198 71
4199 131
4200 173
4201 144
4202 151
4203 50
4204 92
4205 207
4206 73
4207 131
4208 47
4209 129
4210 176
4211 195
4212 21
4213 170
4214 165
4215 131
4216 168
4217 255
4218 188
4219 40
4220 63
4221 201
4222 212
4223 131
4224 56
4225 248
4226 98
4227 21
4228 185
4229 91
4230 233
4231 131
4232 231
4233 78
4234 186
4235 42
4236 58
4237 110
4238 250
4239 131
4240 96
4241 234
4242 149
4243 159
4244 238
4245 115
4246 1
4247 132
4248 54
4249 223
4250 219
4251 175
4252 146
4253 82
4254 49
4255 132
4256 255
4257 169
4258 131
4259 207
4260 67
4261 117
4262 52
4263 132
4264 22
4265 137
4266 71
4267 203
4268 120
4269 182
4270 67
4271 132
4272 127
4273 169
4274 174
4275 118
4276 233
4277 250
4278 109
4279 132
4280 160
4281 192
4282 16
4283 173
4284 109
4285 238
4286 197
4287 132
4288 24
4289 77
4290 152
4291 178
4292 164
4293 22
4294 46
4295 133
4296 139
4297 51
4298 178
4299 2
4300 65
4301 181
4302 53
4303 133
4304 154
4305 73
4306 8
4307 235
4308 208
4309 201
4310 55
4311 133
4312 101
4313 139
4314 36
4315 26
4316 119
4317 26
4318 103
4319 133
4320 67
4321 85
4322 38
4323 229
4324 57
4325 106
4326 130
4327 133
4328 117
4329 43
4330 23
4331 137
4332 184
4333 230
4334 135
4335 133
4336 43
4337 105
4338 10
4339 52
4340 98
4341 157
4342 182
4343 133
4344 190
4345 180
4346 140
4347 123
4348 196
4349 169
4350 124
4351 134
4352 71
4353 187
4354 219
4355 15
4356 212
4357 199
4358 128
4359 134
4360 92
4361 81
4362 229
4363 254
4364 41
4365 241
4366 140
4367 134
4368 146
4369 96
4370 30
4371 36
4372 72
4373 124
4374 220
4375 134
4376 214
4377 242
4378 78
4379 209
4380 12
4381 145
4382 14
4383 135
4384 50
4385 250
4386 58
4387 189
4388 243
4389 82
4390 50
4391 135
4392 145
4393 182
4394 64
4395 182
4396 225
4397 13
4398 91
4399 135
4400 3
4401 247
4402 200
4403 183
4404 10
4405 221
4406 125
4407 135
4408 231
4409 146
4410 53
4411 233
4412 69
4413 102
4414 187
4415 135
4416 250
4417 255
4418 154
4419 153
4420 135
4421 74
4422 73
4423 136
4424 205
4425 35
4426 158
4427 167
4428 62
4429 182
4430 130
4431 136
4432 91
4433 2
4434 78
4435 246
4436 104
4437 79
4438 168
4439 136
4440 226
4441 152
4442 241
4443 80
4444 6
4445 177
4446 44
4447 137
4448 108
4449 70
4450 143
4451 1
4452 125
4453 86
4454 70
4455 137
4456 187
4457 23
4458 92
4459 207
4460 196
4461 81
4462 141
4463 137
4464 244
4465 88
4466 216
4467 243
4468 120
4469 215
4470 150
4471 137
4472 51
4473 95
4474 221
4475 31
4476 8
4477 40
4478 177
4479 137
4480 119
4481 95
4482 108
4483 128
4484 56
4485 231
4486 187
4487 137
4488 241
4489 71
4490 143
4491 242
4492 95
4493 50
4494 200
4495 137
4496 17
4497 76
4498 4
4499 141
4500 12
4501 140
4502 210
4503 137
4504 234
4505 225
4506 127
4507 190
4508 245
4509 140
4510 45
4511 138
4512 92
4513 7
4514 229
4515 12
4516 159
4517 2
4518 66
4519 138
4520 189
4521 30
4522 96
4523 10
4524 221
4525 230
4526 115
4527 138
4528 65
4529 146
4530 183
4531 139
4532 220
4533 181
4534 124
4535 138
4536 48
4537 85
4538 136
4539 35
4540 204
4541 234
4542 229
4543 138
4544 15
4545 173
4546 11
4547 179
4548 196
4549 252
4550 151
4551 139
4552 89
4553 132
4554 75
4555 9
4556 184
4557 103
4558 168
4559 139
4560 117
4561 127
4562 182
4563 68
4564 128
4565 168
4566 170
4567 139
4568 182
4569 50
4570 0
4571 206
4572 125
4573 17
4574 185
4575 139
4576 242
4577 34
4578 186
4579 222
4580 82
4581 231
4582 31
4583 140
4584 178
4585 20
4586 141
4587 75
4588 215
4589 255
4590 96
4591 140
4592 42
4593 157
4594 78
4595 72
4596 6
4597 223
4598 137
4599 140
4600 198
4601 113
4602 57
4603 90
4604 183
4605 50
4606 144
4607 140
4608 180
4609 226
4610 149
4611 79
4612 35
4613 198
4614 207
4615 140
4616 70
4617 234
4618 64
4619 12
4620 5
4621 231
4622 224
4623 140
4624 160
4625 239
4626 35
4627 70
4628 53
4629 33
4630 8
4631 141
4632 125
4633 197
4634 110
4635 214
4636 252
4637 36
4638 43
4639 141
4640 142
4641 36
4642 67
4643 4
4644 126
4645 64
4646 171
4647 141
4648 39
4649 83
4650 176
4651 139
4652 117
4653 246
4654 115
4655 142
4656 135
4657 77
4658 105
4659 49
4660 138
4661 216
4662 140
4663 142
4664 13
4665 85
4666 57
4667 103
4668 245
4669 139
4670 110
4671 143
4672 162
4673 146
4674 0
4675 119
4676 211
4677 39
4678 112
4679 143
4680 35
4681 99
4682 176
4683 104
4684 250
4685 75
4686 118
4687 143
4688 173
4689 169
4690 29
4691 91
4692 174
4693 215
4694 46
4695 144
4696 58
4697 174
4698 141
4699 99
4700 162
4701 212
4702 85
4703 144
4704 172
4705 178
4706 173
4707 200
4708 59
4709 200
4710 102
4711 144
4712 242
4713 211
4714 182
4715 235
4716 201
4717 93
4718 49
4719 145
4720 173
4721 196
4722 247
4723 86
4724 29
4725 118
4726 88
4727 145
4728 195
4729 249
4730 105
4731 249
4732 119
4733 105
4734 110
4735 145
4736 117
4737 206
4738 204
4739 83
4740 97
4741 189
4742 146
4743 145
4744 140
4745 104
4746 19
4747 227
4748 189
4749 209
4750 184
4751 145
4752 84
4753 57
4754 240
4755 35
4756 186
4757 110
4758 30
4759 146
4760 105
4761 119
4762 226
4763 86
4764 236
4765 178
4766 134
4767 146
4768 143
4769 250
4770 140
4771 241
4772 10
4773 117
4774 139
4775 146
4776 187
4777 123
4778 131
4779 117
4780 123
4781 142
4782 141
4783 146
4784 171
4785 66
4786 166
4787 41
4788 1
4789 45
4790 191
4791 146
4792 186
4793 135
4794 128
4795 124
4796 178
4797 91
4798 212
4799 146
4800 223
4801 62
4802 137
4803 4
4804 137
4805 255
4806 220
4807 146
4808 234
4809 178
4810 135
4811 2
4812 58
4813 226
4814 231
4815 146
4816 146
4817 142
4818 7
4819 211
4820 19
4821 159
4822 50
4823 147
4824 51
4825 94
4826 220
4827 84
4828 8
4829 192
4830 125
4831 147
4832 211
4833 36
4834 239
4835 88
4836 18
4837 205
4838 210
4839 147
4840 113
4841 200
4842 109
4843 160
4844 252
4845 109
4846 243
4847 147
4848 201
4849 152
4850 254
4851 87
4852 74
4853 161
4854 31
4855 148
4856 75
4857 44
4858 78
4859 8
4860 118
4861 63
4862 81
4863 148
4864 148
4865 238
4866 57
4867 122
4868 217
4869 54
4870 249
4871 148
4872 188
4873 183
4874 230
4875 191
4876 236
4877 197
4878 254
4879 148
4880 153
4881 0
4882 66
4883 90
4884 67
4885 109
4886 255
4887 148
4888 126
4889 88
4890 255
4891 14
4892 123
4893 111
4894 12
4895 149
4896 138
4897 142
4898 196
4899 92
4900 136
4901 225
4902 66
4903 149
