
  4096   50  
  4097   99  
  4098   129  
  4099   200  
  4100   66  
  4101   28  
  4102   102  
  4103   7  
  4104   87  
  4105   216  
  4106   108  
  4107   185  
  4108   55  
  4109   224  
  4110   14  
  4111   9  
  4112   17  
  4113   210  
  4114   206  
  4115   154  
  4116   180  
  4117   218  
  4118   226  
  4119   30  
  4120   171  
  4121   30  
  4122   158  
  4123   4  
  4124   112  
  4125   118  
  4126   132  
  4127   11  
  4128   94  
  4129   137  
  4130   53  
  4131   205  
  4132   12  
  4133   124  
  4134   62  
  4135   38  
  4136   18  
  4137   105  
  4138   247  
  4139   31  
  4140   201  
  4141   68  
  4142   191  
  4143   35  
  4144   232  
  4145   36  
  4146   50  
  4147   206  
  4148   16  
  4149   132  
  4150   209  
  4151   20  
  4152   227  
  4153   163  
  4154   220  
  4155   153  
  4156   24  
  4157   32  
  4158   32  
  4159   24  
  4160   214  
  4161   184  
  4162   127  
  4163   130  
  4164   58  
  4165   28  
  4166   205  
  4167   15  
  4168   216  
  4169   104  
  4170   247  
  4171   44  
  4172   54  
  4173   40  
  4174   80  
  4175   18  
  4176   48  
  4177   93  
  4178   37  
  4179   113  
  4180   50  
  4181   69  
  4182   5  
  4183   35  
  4184   254  
  4185   196  
  4186   213  
  4187   48  
  4188   195  
  4189   39  
  4190   145  
  4191   13  
  4192   195  
  4193   243  
  4194   20  
  4195   116  
  4196   230  
  4197   9  
  4198   210  
  4199   11  
  4200   246  
  4201   199  
  4202   226  
  4203   30  
  4204   113  
  4205   36  
  4206   78  
  4207   9  
  4208   53  
  4209   255  
  4210   224  
  4211   14  
  4212   120  
  4213   60  
  4214   78  
  4215   11  
  4216   171  
  4217   147  
  4218   250  
  4219   234  
  4220   163  
  4221   134  
  4222   228  
  4223   37  
  4224   185  
  4225   75  
  4226   121  
  4227   172  
  4228   198  
  4229   93  
  4230   39  
  4231   12  
  4232   10  
  4233   11  
  4234   69  
  4235   186  
  4236   77  
  4237   197  
  4238   141  
  4239   41  
  4240   166  
  4241   149  
  4242   209  
  4243   160  
  4244   32  
  4245   240  
  4246   161  
  4247   64  
  4248   233  
  4249   4  
  4250   55  
  4251   140  
  4252   31  
  4253   253  
  4254   24  
  4255   49  
  4256   206  
  4257   116  
  4258   5  
  4259   185  
  4260   49  
  4261   41  
  4262   120  
  4263   62  
  4264   115  
  4265   119  
  4266   5  
  4267   33  
  4268   172  
  4269   178  
  4270   164  
  4271   61  
  4272   8  
  4273   116  
  4274   160  
  4275   13  
  4276   111  
  4277   55  
  4278   196  
  4279   85  
  4280   26  
  4281   122  
  4282   207  
  4283   244  
  4284   146  
  4285   28  
  4286   171  
  4287   93  
  4288   95  
  4289   180  
  4290   38  
  4291   79  
  4292   121  
  4293   224  
  4294   224  
  4295   59  
  4296   156  
  4297   125  
  4298   242  
  4299   83  
  4300   58  
  4301   218  
  4302   187  
  4303   49  
  4304   202  
  4305   236  
  4306   36  
  4307   42  
  4308   147  
  4309   168  
  4310   137  
  4311   82  
  4312   107  
  4313   120  
  4314   141  
  4315   150  
  4316   168  
  4317   247  
  4318   207  
  4319   93  
  4320   242  
  4321   189  
  4322   56  
  4323   218  
  4324   78  
  4325   83  
  4326   225  
  4327   53  
  4328   67  
  4329   26  
  4330   14  
  4331   39  
  4332   232  
  4333   250  
  4334   13  
  4335   68  
  4336   226  
  4337   82  
  4338   218  
  4339   46  
  4340   34  
  4341   243  
  4342   61  
  4343   61  
  4344   242  
  4345   182  
  4346   140  
  4347   114  
  4348   230  
  4349   138  
  4350   238  
  4351   94  
  4352   38  
  4353   82  
  4354   169  
  4355   195  
  4356   175  
  4357   31  
  4358   0  
  4359   89  
  4360   26  
  4361   188  
  4362   59  
  4363   122  
  4364   204  
  4365   90  
  4366   247  
  4367   78  
  4368   0  
  4369   51  
  4370   57  
  4371   98  
  4372   144  
  4373   150  
  4374   52  
  4375   58  
  4376   189  
  4377   60  
  4378   196  
  4379   58  
  4380   134  
  4381   250  
  4382   167  
  4383   67  
  4384   203  
  4385   122  
  4386   71  
  4387   170  
  4388   150  
  4389   29  
  4390   64  
  4391   81  
  4392   173  
  4393   46  
  4394   94  
  4395   66  
  4396   47  
  4397   234  
  4398   115  
  4399   49  
  4400   204  
  4401   73  
  4402   98  
  4403   170  
  4404   164  
  4405   220  
  4406   97  
  4407   95  
  4408   90  
  4409   6  
  4410   136  
  4411   112  
  4412   70  
  4413   251  
  4414   251  
  4415   120  
  4416   86  
  4417   215  
  4418   63  
  4419   173  
  4420   130  
  4421   216  
  4422   172  
  4423   102  
  4424   74  
  4425   59  
  4426   91  
  4427   35  
  4428   235  
  4429   153  
  4430   124  
  4431   97  
  4432   156  
  4433   238  
  4434   13  
  4435   137  
  4436   127  
  4437   211  
  4438   5  
  4439   109  
  4440   102  
  4441   20  
  4442   41  
  4443   125  
  4444   6  
  4445   221  
  4446   25  
  4447   111  
  4448   228  
  4449   38  
  4450   84  
  4451   105  
  4452   237  
  4453   0  
  4454   88  
  4455   100  
  4456   100  
  4457   136  
  4458   74  
  4459   174  
  4460   177  
  4461   52  
  4462   132  
  4463   116  
  4464   186  
  4465   83  
  4466   108  
  4467   189  
  4468   166  
  4469   128  
  4470   114  
  4471   96  
  4472   134  
  4473   79  
  4474   92  
  4475   33  
  4476   61  
  4477   125  
  4478   99  
  4479   103  
  4480   125  
  4481   217  
  4482   149  
  4483   19  
  4484   112  
  4485   142  
  4486   36  
  4487   111  
  4488   52  
  4489   197  
  4490   110  
  4491   123  
  4492   157  
  4493   93  
  4494   55  
  4495   99  
  4496   95  
  4497   57  
  4498   137  
  4499   175  
  4500   20  
  4501   106  
  4502   230  
  4503   132  
  4504   68  
  4505   66  
  4506   76  
  4507   26  
  4508   136  
  4509   134  
  4510   176  
  4511   116  
  4512   174  
  4513   107  
  4514   64  
  4515   203  
  4516   240  
  4517   255  
  4518   7  
  4519   134  
  4520   207  
  4521   243  
  4522   34  
  4523   162  
  4524   105  
  4525   146  
  4526   253  
  4527   176  
  4528   77  
  4529   50  
  4530   235  
  4531   139  
  4532   2  
  4533   7  
  4534   124  
  4535   201  
  4536   218  
  4537   242  
  4538   135  
  4539   134  
  4540   162  
  4541   140  
  4542   25  
  4543   212  
  4544   238  
  4545   28  
  4546   117  
  4547   142  
  4548   105  
  4549   107  
  4550   62  
  4551   153  
  4552   140  
  4553   99  
  4554   168  
  4555   247  
  4556   170  
  4557   113  
  4558   122  
  4559   181  
  4560   42  
  4561   17  
  4562   1  
  4563   181  
  4564   93  
  4565   3  
  4566   168  
  4567   157  
  4568   161  
  4569   87  
  4570   184  
  4571   96  
  4572   167  
  4573   233  
  4574   107  
  4575   147  
  4576   53  
  4577   240  
  4578   46  
  4579   140  
  4580   190  
  4581   206  
  4582   63  
  4583   148  
  4584   73  
  4585   137  
  4586   25  
  4587   138  
  4588   126  
  4589   249  
  4590   188  
  4591   139  
  4592   186  
  4593   131  
  4594   72  
  4595   233  
  4596   22  
  4597   178  
  4598   170  
  4599   235  
  4600   214  
  4601   209  
  4602   155  
  4603   5  
  4604   5  
  4605   133  
  4606   79  
  4607   139  
  4608   193  
  4609   149  
  4610   182  
  4611   227  
  4612   187  
  4613   178  
  4614   164  
  4615   141  
  4616   130  
  4617   167  
  4618   6  
  4619   154  
  4620   49  
  4621   253  
  4622   178  
  4623   174  
  4624   100  
  4625   0  
  4626   0  
  4627   0  
  4628   0  
  4629   0  
  4630   0  
  4631   0  
  4632   12  
  4633   63  
  4634   126  
  4635   92  
  4636   97  
  4637   7  
  4638   245  
  4639   214  
  4640   60  
  4641   248  
  4642   24  
  4643   195  
  4644   118  
  4645   219  
  4646   153  
  4647   225  
  4648   101  
  4649   163  
  4650   229  
  4651   177  
  4652   96  
  4653   0  
  4654   84  
  4655   246  
  4656   239  
  4657   91  
  4658   216  
  4659   177  
  4660   66  
  4661   35  
  4662   105  
  4663   231  
  4664   96  
  4665   64  
  4666   230  
  4667   91  
  4668   218  
  4669   252  
  4670   31  
  4671   139  
  4672   197  
  4673   221  
  4674   64  
  4675   12  
  4676   213  
  4677   250  
  4678   213  
  4679   179  
  4680   65  
  4681   113  
  4682   88  
  4683   157  
  4684   123  
  4685   83  
  4686   62  
  4687   213  
  4688   57  
  4689   149  
  4690   194  
  4691   28  
  4692   235  
  4693   248  
  4694   142  
  4695   215  
  4696   136  
  4697   50  
  4698   150  
  4699   221  
  4700   111  
  4701   0  
  4702   82  
  4703   243  
  4704   215  
  4705   1  
  4706   24  
  4707   20  
  4708   173  
  4709   103  
  4710   247  
  4711   248  
  4712   196  
  4713   89  
  4714   113  
  4715   19  
  4716   109  
  4717   226  
  4718   205  
  4719   234  
  4720   211  
  4721   97  
  4722   64  
  4723   243  
  4724   10  
  4725   116  
  4726   58  
  4727   254  
  4728   176  
  4729   134  
  4730   158  
  4731   91  
  4732   182  
  4733   54  
  4734   96  
  4735   143  
  4736   151  
  4737   11  
  4738   136  
  4739   243  
  4740   22  
  4741   66  
  4742   106  
  4743   137  
  4744   96  
  4745   138  
  4746   166  
  4747   182  
  4748   124  
  4749   147  
  4750   166  
  4751   203  
  4752   214  
  4753   240  
  4754   0  
  4755   132  
  4756   49  
  4757   60  
  4758   10  
  4759   159  
  4760   190  
  4761   122  
  4762   114  
  4763   4  
  4764   6  
  4765   178  
  4766   244  
  4767   255  
  4768   69  
  4769   249  
  4770   115  
  4771   75  
  4772   168  
  4773   185  
  4774   82  
  4775   171  
  4776   224  
  4777   178  
  4778   101  
  4779   51  
  4780   120  
  4781   64  
  4782   141  
  4783   172  
  4784   37  
  4785   79  
  4786   237  
  4787   91  
  4788   207  
  4789   250  
  4790   232  
  4791   134  
  4792   5  
  4793   35  
  4794   146  
  4795   87  
  4796   106  
  4797   185  
  4798   11  
  4799   244  
  4800   17  
  4801   87  
  4802   92  
  4803   131  
  4804   2  
  4805   8  
  4806   6  
  4807   228  
  4808   137  
  4809   164  
  4810   242  
  4811   63  
  4812   122  
  4813   54  
  4814   137  
  4815   252  
  4816   31  
  4817   112  
  4818   242  
  4819   122  
  4820   151  
  4821   66  
  4822   243  
  4823   240  
  4824   52  
  4825   170  
  4826   59  
  4827   109  
  4828   183  
  4829   110  
  4830   172  
  4831   214  
  4832   239  
  4833   229  
  4834   230  
  4835   176  
  4836   9  
  4837   248  
  4838   63  
  4839   136  
  4840   205  
  4841   227  
  4842   222  
  4843   129  
  4844   234  
  4845   1  
  4846   42  
  4847   148  
  4848   76  
  4849   2  
  4850   231  
  4851   195  
  4852   24  
  4853   104  
  4854   221  
  4855   156  
  4856   1  
  4857   102  
  4858   99  
  4859   30  
  4860   149  
  4861   73  
  4862   173  
  4863   159  
  4864   64  
  4865   27  
  4866   59  
  4867   81  
  4868   81  
  4869   2  
  4870   46  
  4871   238  
  4872   248  
  4873   155  
  4874   79  
  4875   108  
  4876   48  
  4877   175  
  4878   184  
  4879   224  
  4880   104  
  4881   78  
  4882   88  
  4883   65  
  4884   209  
  4885   93  
  4886   130  
  4887   182  
  4888   207  
  4889   128  
  4890   214  
  4891   63  
  4892   134  
  4893   61  
  4894   92  
  4895   201  
  4896   253  
  4897   142  
  4898   41  
  4899   231  
  4900   204  
  4901   85  
  4902   81  
  4903   173  

