

Running Quick Sort tests
  4096   145  
  4097   201  
  4098   83  
  4099   211  
  4100   226  
  4101   181  
  4102   244  
  4103   200  
  4104   70  
  4105   253  
  4106   149  
  4107   202  
  4108   172  
  4109   54  
  4110   8  
  4111   230  
  4112   167  
  4113   82  
  4114   95  
  4115   20  
  4116   29  
  4117   183  
  4118   116  
  4119   255  
  4120   10  
  4121   0  
  4122   0  
  4123   0  
  4124   0  
  4125   0  
  4126   0  
  4127   0  
  4128   224  
  4129   213  
  4130   84  
  4131   24  
  4132   113  
  4133   202  
  4134   132  
  4135   0  
  4136   8  
  4137   2  
  4138   8  
  4139   180  
  4140   146  
  4141   157  
  4142   252  
  4143   8  
  4144   112  
  4145   137  
  4146   153  
  4147   99  
  4148   168  
  4149   163  
  4150   65  
  4151   32  
  4152   207  
  4153   252  
  4154   130  
  4155   196  
  4156   63  
  4157   223  
  4158   118  
  4159   35  
  4160   205  
  4161   103  
  4162   213  
  4163   25  
  4164   86  
  4165   253  
  4166   124  
  4167   57  
  4168   52  
  4169   38  
  4170   158  
  4171   43  
  4172   86  
  4173   72  
  4174   229  
  4175   111  
  4176   76  
  4177   231  
  4178   238  
  4179   90  
  4180   217  
  4181   36  
  4182   91  
  4183   113  
passed quick sort test 0
